Rrow1: [0.99723135,0.04790819,-0.05687205]
Rrow2: [-0.02441567,-0.51145545,-0.85896286]
Rrow3: [-0.07023888,0.85797327,-0.5088697]
#t: [0.26602355,-0.07086106,4.90865907]
camera_positon: [0.07776157,-4.26048525,2.45213013]

fx: 2250.09
fy: 1892.41
ux: 918.738
uy: 526.973

k1: -0.131796
k2: 0.999812
p1: -0.00122249
p2: 0.00258085
k3: -11.8054



