x1: 1041.0
y1: 500.0
pw_x1: 0.0
pw_y1: 0.0
pw_z1: 0.0

x2: 1040.0
y2: 679.0
pw_x2: 0.0
pw_y2: -0.8
pw_z2: 0.0

x3: 620.0
y3: 684.0
pw_x3: -0.8
pw_y3: -0.8
pw_z3: 0.0

x4: 1469.0
y4: 670.0
pw_x4: 0.8
pw_y4: -0.8
pw_z4: 0.0

x5: 1039.0
y5: 925.0
pw_x5: 0.0
pw_y5: -1.6
pw_z5: 0.0


fx: 2250.09
fy: 1892.41
ux: 918.738
uy: 526.973

k1: -0.131796
k2: 0.999812
p1: -0.00122249
p2: 0.00258085
k3: -11.8054



